{"adv": 0.0194174757281553,
        "praet" : 0.0776699029126214,
    "imps" : 0.0291262135922330,
   "pred" : 0.0097087378640777,
        "interp" : 0.1067961165048544,
        "subst" : 0.3398058252427185}